1.289453409
1.321249921
1.321795942
1.316180967
1.280426174
1.252122401
1.23035703
1.238154858
1.284171688
1.296440861
1.283428521
1.311095385
1.332429741
1.338655077
1.296574735
1.300800035
1.295998124
1.319360205
1.307722571
1.331404117
1.334034847
1.362960717
1.35066091
1.369513772
1.36332324
1.363016985
1.382110071
1.380527405
1.371715968
1.360350118
1.35586096
1.332486596
1.292404653
1.26853046
1.248136547
1.232799991
1.157162413
1.136036773
1.081165106
1.077577218
1.115852373
1.122184927
1.10162166
1.112671429
1.123663636
1.123434783
1.076025
1.086978261
1.08774375
1.111463158
1.11022381
1.133809091
1.12945
1.123752381
1.1066
1.121081818
1.120922727
1.103885714
1.08137619
1.055026087
1.06598125
1.065861111
1.068963636
1.071338095
1.105526316
1.12217619
1.1496
1.180508696
1.191336364
1.176052381
1.173190476
1.183809091
1.22171875
1.237605263
1.232928571
1.2284
1.181352632
1.167366667
1.168390476
1.154821739
1.166114286
1.149804545
1.136652381
1.138359091
1.142741667
1.135505
1.131766667
1.124157143
1.118411111
1.12829
1.122522727
1.112586957
1.10152
1.103878261
1.10502
1.110614286
1.110568421
1.091789474
1.10631
1.088671429
1.088831818
1.126090476
1.142878261
1.182690476
1.181056522
1.18
1.18
1.18
1.199166667
1.199166667
1.199166667
1.199166667
1.199166667
1.199166667
1.199166667
1.199166667
1.199166667
1.199166667
1.199166667
1.199166667
1.22
1.22
1.22
1.22
1.22
1.22
1.22
1.22
1.22
1.22
1.22
1.22
1.24
1.24
1.24
1.24
1.24
1.24
1.24
1.24
1.24
1.24
1.24
1.24
1.24
1.24
1.24
1.24
1.24
1.24
1.24
1.24
1.24
1.24
1.24
1.24
1.24
1.24
1.24
1.24
1.24
1.24
1.24
1.24
1.24
1.24
1.24
1.24
1.24
1.24
1.24
1.24
1.24
1.24
1.24
1.24
1.24
1.24
1.24
1.24
1.24
1.24
1.24
1.24
1.24
1.24
1.24
1.24
1.24
1.24
1.24
1.24
1.24
1.24
1.24
1.24
1.24
1.24
1.24
1.24
1.24
1.24
1.24
1.24
1.24
1.24
1.24
1.24
1.24
1.24
1.24
1.24
1.24
1.24
1.24
1.24
1.24
1.24
1.24
1.24
1.24
1.24
1.24
1.24
1.24
1.24
1.24
1.24
1.24
1.24
1.24
1.24
1.24
1.24
1.24
1.24
1.24
1.24
1.24
1.24
1.24
1.24
1.24
1.24
1.24
1.24
1.24
1.24
1.24
1.24
1.24
1.24
1.24
1.24
1.24
1.24
1.24
1.24
1.24
1.24
1.24
1.24
1.24
1.24
1.24
1.24
1.24
1.24
1.24
1.24
1.24
1.24
1.24
1.24
1.24
1.24
1.24
1.24
1.24
1.24
1.24
1.24
1.24
1.24
1.24
1.24
1.24
1.24