111.1561905
119.702381
124.9286364
120.4635
110.5217391
95.58904762
103.1409091
113.34
113.3825
111.9734783
109.7118182
109.6765
112.9736364
116.5195
109.24
102.8754545
103.0269565
103.11
107.716087
110.9645455
111.6214286
109.4786957
108.0761905
110.674
107.42
108.81
107.4
107.79
109.68
111.87
106.98
101.92
97.34
87.27
78.44
62.33
48.07
57.93
55.79
59.39
64.56
62.34
55.87
46.99
47.24
48.12
44.42
37.72
30.8
33.2
39.07
42.25
47.13
48.48
45.07
46.14
46.19
49.73
46.44
54.07
54.89
55.49
51.97
52.98
50.87
46.89
48.69
51.37
55.16
57.62
62.57
64.21
68.99
65.42
66.45
71.63
76.65
75.19
74.44
73.13
78.86
80.47
65.17
56.46
59.27
64.13
66.41
71.2
70.53
63.3
64
59.25
62.33
59.37
62.74
65.85
63.6
55
32.98
23.34
31.02
39.93
42.81
44.26
41.09
44
44
44
45
45
45
45
45
45
45
45
45
45
45
45
45
45
45
45
45
45
45
45
45
45
45
45
45
45
45
45
45
45
45
45
45
45
45
45
45
45
45
45
45
45
45
45
45
45
45
45
45.99
45.99
45.99
45.99
45.99
45.99
45.99
45.99
45.99
45.99
45.99
45.99
47.00178
47.00178
47.00178
47.00178
47.00178
47.00178
47.00178
47.00178
47.00178
47.00178
47.00178
47.00178
48.03581916
48.03581916
48.03581916
48.03581916
48.03581916
48.03581916
48.03581916
48.03581916
48.03581916
48.03581916
48.03581916
48.03581916
49.09260718
49.09260718
49.09260718
49.09260718
49.09260718
49.09260718
49.09260718
49.09260718
49.09260718
49.09260718
49.09260718
49.09260718
50.17264454
50.17264454
50.17264454
50.17264454
50.17264454
50.17264454
50.17264454
50.17264454
50.17264454
50.17264454
50.17264454
50.17264454
51.27644272
51.27644272
51.27644272
51.27644272
51.27644272
51.27644272
51.27644272
51.27644272
51.27644272
51.27644272
51.27644272
51.27644272
52.40452446
52.40452446
52.40452446
52.40452446
52.40452446
52.40452446
52.40452446
52.40452446
52.40452446
52.40452446
52.40452446
52.40452446
53.557424
53.557424
53.557424
53.557424
53.557424
53.557424
53.557424
53.557424
53.557424
53.557424
53.557424
53.557424
54.73568733
54.73568733
54.73568733
54.73568733
54.73568733
54.73568733
54.73568733
54.73568733
54.73568733
54.73568733
54.73568733
54.73568733
55.93987245
55.93987245
55.93987245
55.93987245
55.93987245
55.93987245
55.93987245
55.93987245
55.93987245
55.93987245
55.93987245
55.93987245
57.17054964
57.17054964
57.17054964
57.17054964
57.17054964
57.17054964
57.17054964
57.17054964
57.17054964
57.17054964
57.17054964
57.17054964