116.46
117.02
107.46
103.59
95.83
87.19
88.24
91
88.96
81.85
85.89
92.88
92.77
94.94
90.98
87.76
87.71
82.75431946
77.25921083
76.96
77.6125
79.4125
82.25
84.3375
81.61
76.29
73.34
72.82
73.69
71.48
68.75
68.94
65.94
63.71
62.55
62.44
62.1
61.4
60.115
57.81428571
60.39736842
58.84090909
59.13043478
58.5725
54.74545455
52.31363636
52.57142857
52.1275
49.815625
50.7075
52.19
50.91
51.48
53.17
62.29
67.37391304
72.9
93.17
100.01
86.32
83.73
80.41
80.55
84.64210526
74.52
80.95227273
87.53095238
95.89
96.86904762
97.14090909
96.62727273
102.155
106.776087
104.705
95.85
94.2075
105.4454545
114.75
119.57
117.34
114.16
108.73
100.73
101.37
98.56
95.42
93.12
86.77
82.32
72.49
72.08
65.55
65.95
69.2
66.99
66.18
69.66
67.64
66.74
58.55
52.49
52.21
51.56
50.14
54.6
58.96
58.96
58.96
63.69
63.69
63.69
63.69
63.69
63.69
63.69
63.69
63.69
63.69
63.69
63.69
69.60800656
69.60800656
69.60800656
69.60800656
69.60800656
69.60800656
69.60800656
69.60800656
69.60800656
69.60800656
69.60800656
69.60800656
74.27375
74.27375
74.27375
74.27375
74.27375
74.27375
74.27375
74.27375
74.27375
74.27375
74.27375
74.27375
75.6
75.6
75.6
75.6
75.6
75.6
75.6
75.6
75.6
75.6
75.6
75.6
75.6
75.6
75.6
75.6
75.6
75.6
75.6
75.6
75.6
75.6
75.6
75.6
75.6
75.6
75.6
75.6
75.6
75.6
75.6
75.6
75.6
75.6
75.6
75.6
75.6
75.6
75.6
75.6
75.6
75.6
75.6
75.6
75.6
75.6
75.6
75.6
75.6
75.6
75.6
75.6
75.6
75.6
75.6
75.6
75.6
75.6
75.6
75.6
75.6
75.6
75.6
75.6
75.6
75.6
75.6
75.6
75.6
75.6
75.6
75.6
75.6
75.6
75.6
75.6
75.6
75.6
75.6
75.6
75.6
75.6
75.6
75.6
75.6
75.6
75.6
75.6
75.6
75.6
75.6
75.6
75.6
75.6
75.6
75.6
75.6
75.6
75.6
75.6
75.6
75.6
75.6
75.6
75.6
75.6
75.6
75.6
75.6
75.6
75.6
75.6
75.6
75.6
75.6
75.6
75.6
75.6
75.6
75.6
75.6
75.6
75.6
75.6
75.6
75.6
75.6
75.6
75.6
75.6
75.6
75.6
75.6
75.6
75.6
75.6
75.6
75.6
75.6
75.6
75.6
75.6
75.6
75.6