8.2425
9.1
9.48
9.4775
9.246
8.6375
8.73
8.85
9.58
10.1125
10.29
10.5625
10.36
10.08
10.1725
10.345
10.036
10.07
9.985
10.044
10.3275
10.738
10.91
11.28666667
10.714
9.6975
9.4575
8.5025
7.914
7.0625
6.594
7.0125
8.205
8.5
8.425
8.3625
6.8075
7.2775
6.9075
6.79
6.695
6.655
6.698
6.455
6.3
6.052
5.525
5.25
4.415
4.0175
3.904
3.9425
4.28
4.706
4.665
4.165
4.11
5.2525
5.655
5.3625
6.1125
6.2475
5.08
4.99
5.1925
4.918
4.9825
5.544
5.935
6.175
6.56
7.463333333
6.7625
6.5925
6.784
6.8425
7.414
7.4725
7.6075
7.91
9.475
9.0525
8.214
8.016666667
7.426
5.9925
5.2675
4.935
4.464
3.6325
3.65
3.634
4.1125
4.912
5.11
4.86
3.762
2.9275
2.82
2.216
1.6025
1.6725
1.796
2.64
3.743333333
3.743333333
3.743333333
3.743333333
3.664488862
3.664488862
3.664488862
3.664488862
3.664488862
3.664488862
3.664488862
3.664488862
3.664488862
3.664488862
3.664488862
3.664488862
4.885724201
4.885724201
4.885724201
4.885724201
4.885724201
4.885724201
4.885724201
4.885724201
4.885724201
4.885724201
4.885724201
4.885724201
5.056642748
5.056642748
5.056642748
5.056642748
5.056642748
5.056642748
5.056642748
5.056642748
5.056642748
5.056642748
5.056642748
5.056642748
5.29190037
5.29190037
5.29190037
5.29190037
5.29190037
5.29190037
5.29190037
5.29190037
5.29190037
5.29190037
5.29190037
5.29190037
4.229408066
4.229408066
4.229408066
4.229408066
4.229408066
4.229408066
4.229408066
4.229408066
4.229408066
4.229408066
4.229408066
4.229408066
4.322455044
4.322455044
4.322455044
4.322455044
4.322455044
4.322455044
4.322455044
4.322455044
4.322455044
4.322455044
4.322455044
4.322455044
4.417549055
4.417549055
4.417549055
4.417549055
4.417549055
4.417549055
4.417549055
4.417549055
4.417549055
4.417549055
4.417549055
4.417549055
4.514735134
4.514735134
4.514735134
4.514735134
4.514735134
4.514735134
4.514735134
4.514735134
4.514735134
4.514735134
4.514735134
4.514735134
4.614059307
4.614059307
4.614059307
4.614059307
4.614059307
4.614059307
4.614059307
4.614059307
4.614059307
4.614059307
4.614059307
4.614059307
4.715568612
4.715568612
4.715568612
4.715568612
4.715568612
4.715568612
4.715568612
4.715568612
4.715568612
4.715568612
4.715568612
4.715568612
4.819311121
4.819311121
4.819311121
4.819311121
4.819311121
4.819311121
4.819311121
4.819311121
4.819311121
4.819311121
4.819311121
4.819311121
4.925335966
4.925335966
4.925335966
4.925335966
4.925335966
4.925335966
4.925335966
4.925335966
4.925335966
4.925335966
4.925335966
4.925335966
5.033693357
5.033693357
5.033693357
5.033693357
5.033693357
5.033693357
5.033693357
5.033693357
5.033693357
5.033693357
5.033693357
5.033693357
5.144434611
5.144434611
5.144434611
5.144434611
5.144434611
5.144434611
5.144434611
5.144434611
5.144434611
5.144434611
5.144434611
5.144434611
5.257612172
5.257612172
5.257612172
5.257612172
5.257612172
5.257612172
5.257612172
5.257612172
5.257612172
5.257612172
5.257612172
5.257612172