100.1605429
100.3165198
100.4679056
100.6127466
100.7510083
100.8826576
101.0126716
101.1410432
101.2677653
101.3840801
101.4899383
101.5852936
101.6815683
101.7787649
101.8768857
101.9833398
102.0981449
102.2213212
102.3559416
102.502036
102.659638
102.835945
103.0310125
103.2449066
103.4652735
103.6921485
103.9255682
104.1635029
104.4059794
104.6530251
104.9056701
105.1639495
105.4278988
105.6937166
105.9614136
106.2310003
106.5106266
106.8003582
107.1002635
107.4001716
107.7000776
107.9999767
108.293671
108.5810998
108.8622036
109.1397412
109.4136799
109.6839867
109.9466939
110.2017361
110.4490496
110.7058997
110.9723415
111.2484327
111.5172428
111.7787088
112.0327693
112.2945238
112.564018
112.8412992
113.12134
113.404157
113.6897671
113.9716083
114.2496471
114.5238499
114.8124146
115.1154265
115.4329765
115.7514384
116.070815
116.391109
116.7114059
117.0317007
117.3519884
117.668534
117.9813003
118.2902504
118.5917155
118.8856275
119.1719194
119.4506915
119.721881
119.9854267
120.2479538
120.5094528
120.7699144
121.0289921
121.2866743
121.5429493
121.7943929
122.0409701
122.2826465
122.5266053
122.772858
123.0214161
123.1538552
123.1684601
123.0638195
122.6573629
121.9429663
120.9164243
120.2121676
119.8039207
119.5002119
119.2991955
119.0985173
118.8981766
118.8981766
118.8981766
118.8981766
118.8981766
118.8981766
118.8981766
118.8981766
118.8981766
118.8981766
119.0945466
119.2912409
119.4882601
119.6856047
119.8832752
120.0812722
120.2795962
120.4782477
120.6772273
120.8765356
121.076173
121.2761401
121.4764375
121.6770657
121.8780253
122.0793168
122.2809407
122.4828976
122.6851881
122.8878126
123.0907719
123.2940663
123.4976964
123.7016629
123.9059663
124.1106071
124.3155858
124.5209031
124.7265595
124.9325556
125.1388918
125.3455689
125.5525873
125.7599476
125.9676504
126.1756962
126.3840856
126.5928192
126.8018975
127.0113212
127.2210907
127.4312067
127.6416697
127.8524803
128.063639
128.2751465
128.4870034
128.6992101
128.9117673
129.1246756
129.3379355
129.5515476
129.7655125
129.9798308
130.1945031
130.4095299
130.6249118
130.8406495
131.0567435
131.2731943
131.4900027
131.7071691
131.9246942
132.1425786
132.3608228
132.5794274
132.7983931
133.0177205
133.2374101
133.4574625
133.6778783
133.8986582
134.1198027
134.3413125
134.5631881
134.7854301
135.0080392
135.231016
135.454361
135.6780749
135.9021583
136.1266117
136.3514359
136.5766314
136.8021988
137.0281387
137.2544518
137.4811387
137.7082
137.9356363
138.1634482
138.3916364
138.6202014
138.849144
139.0784646
139.308164
139.5382428
139.7687015
139.9995409
140.2307615
140.462364
140.694349
140.9267172
141.1594691
141.3926054
141.6261268
141.8600339
142.0943273
142.3290076
142.5640755
142.7995317
143.0353767
143.2716113
143.508236
143.7452515
143.9826585
144.2204576
144.4586494
144.6972346
144.9362138
145.1755878
145.415357
145.6555223
145.8960843
146.1370435
146.3784007
146.6201566
146.8623117
147.1048667
147.3478224
147.5911793
147.8349381
148.0790995
148.3236642
148.5686328
148.814006
149.0597844
149.3059687
149.5525597
149.7995579
150.046964
150.2947788
150.5430029
150.7916369
151.0406815
151.2901375
151.5400054
151.7902861
152.0409801
152.2920881
152.5436109
152.7955491
153.0479033
153.3006744
153.5538629
153.8074696
154.0614951
154.3159402
154.5708055
154.8260918
155.0817997
155.3379299
155.5944831
155.85146
156.1088614
156.3666879
156.6249402
156.883619
157.142725
157.402259
157.6622217