359.6271375
376.2213688
386.14925
403.1772375
403.7511563
372.22662
351.068475
357.85056
382.1252813
410.8926625
427.02757
431.7166167
423.9896875
446.5117625
441.01218
458.29545
454.97385
452.44875
478.1754938
485.5538
495.4801875
518.0301125
530.197715
537.7053167
532.24483
541.9333844
524.0473563
469.051525
402.2864
371.900175
365.4538375
375.93203
406.4882313
411.50738
387.9138375
375.1706875
320.0692625
332.076975
335.977275
343.3527375
356.2384025
347.4260063
323.31087
308.22225
285.1425438
271.17467
243.513975
236.62155
198.1587125
164.7498
181.8716625
199.705155
227.5116313
228.0944125
220.50038
218.345125
234.95507
235.8309188
268.2453063
316.8185063
351.2602375
412.69965
401.897885
327.4513125
307.4268
300.83554
298.4081
305.0650313
318.439145
296.457925
326.98085
367.5636813
431.8401
412.355775
389.85887
388.9982938
387.2764875
433.77583
408.3903125
408.34485
430.7602375
418.818425
382.87915
326.58625
314.2155188
315.5239
318.64856
305.3556625
295.96278
279.560475
246.6103875
234.160145
235.5312938
226.25415
229.890105
224.7080833
256.9306
266.4309438
218.870075
165.01195
161.55253
173.4710625
191.14311
223.1313625
241.47715